/opt/anaconda3/bin/python /root/share/project/kaggle/science_bowl/build/run00/trainer_01.py
trainer_01.py: calling main function ... 
--- [START 2017-02-20 19:57:02] ----------------------------------------------------------------

** some experiment setting **
	SEED    = 202
	file    = /root/share/project/kaggle/science_bowl/build/run00/trainer_01.py
	out_dir = /root/share/out/kaggle/00

** some data setting **
height=512, width=512, channel=1
num_class=1
num_train=99

** net settings **
** some solver setting **
	batch_size = 4
	max_run = 100


 run  epoch   iter    rate      |  train_loss    (acc)     |  valid_loss    (acc)     |     
--------------------------------------------------------------------------------------------
 0.0    0.0   00001   0.100000  |  0.758177    (0.997202)  GLib-GIO-Message: Using the 'memory' GSettings backend.  Your settings will not be saved or shared with other applications.
 1.0    1.0   00025   0.100000  |  0.038325    (0.999924)  |  0.000000    (0.000000)  |  0.1 min  
 2.0    2.0   00050   0.100000  |  0.051987    (0.999664)  |  0.000000    (0.000000)  |  0.2 min  
 3.1    3.0   00075   0.100000  |  0.011576    (0.999926)  |  0.000000    (0.000000)  |  0.3 min  
 4.1    4.0   00100   0.100000  |  0.017602    (0.999646)  |  0.000000    (0.000000)  |  0.3 min  
 5.2    5.1   00125   0.100000  |  0.015027    (0.999739)  |  0.000000    (0.000000)  |  0.4 min  
 6.2    6.1   00150   0.100000  |  0.035963    (0.999174)  |  0.000000    (0.000000)  |  0.5 min  
 7.2    7.1   00175   0.100000  |  0.024839    (0.999272)  |  0.000000    (0.000000)  |  0.6 min  
 8.3    8.1   00200   0.100000  |  0.017425    (0.999818)  |  0.000000    (0.000000)  |  0.7 min  
 9.3    9.1   00225   0.100000  |  0.011596    (0.999698)  |  0.000000    (0.000000)  |  0.7 min  
10.4   10.1   00250   0.100000  |  0.032329    (0.998717)  |  0.000000    (0.000000)  |  0.8 min  
11.4   11.1   00275   0.100000  |  0.012106    (0.999515)  |  0.000000    (0.000000)  |  0.9 min  
12.5   12.1   00300   0.100000  |  0.019512    (0.999260)  |  0.000000    (0.000000)  |  1.0 min  
13.5   13.1   00325   0.100000  |  0.005603    (0.999699)  |  0.000000    (0.000000)  |  1.1 min  
14.5   14.1   00350   0.100000  |  0.005969    (0.999607)  |  0.000000    (0.000000)  |  1.1 min  
15.6   15.2   00375   0.100000  |  0.012065    (0.999303)  |  0.000000    (0.000000)  |  1.2 min  
16.6   16.2   00400   0.100000  |  0.007964    (0.999311)  |  0.000000    (0.000000)  |  1.3 min  
17.7   17.2   00425   0.100000  |  0.007851    (0.999354)  |  0.000000    (0.000000)  |  1.4 min  
18.7   18.2   00450   0.100000  |  0.017187    (0.998274)  |  0.000000    (0.000000)  |  1.5 min  
19.8   19.2   00475   0.100000  |  0.012291    (0.998624)  |  0.000000    (0.000000)  |  1.5 min  
20.8   20.2   00500   0.100000  |  0.015284    (0.998222)  |  0.000000    (0.000000)  |  1.6 min  
21.8   21.2   00525   0.100000  |  0.006320    (0.999250)  |  0.000000    (0.000000)  |  1.7 min  
22.9   22.2   00550   0.100000  |  0.015687    (0.998490)  |  0.000000    (0.000000)  |  1.8 min  
23.9   23.2   00575   0.100000  |  0.009177    (0.998994)  |  0.000000    (0.000000)  |  1.9 min  
25.0   24.2   00600   0.100000  |  0.006114    (0.999243)  |  0.000000    (0.000000)  |  1.9 min  
26.0   25.3   00625   0.100000  |  0.007776    (0.998638)  |  0.000000    (0.000000)  |  2.0 min  
